{
 "cells": [
  {
   "cell_type": "code",
   "execution_count": 1,
   "id": "ac816a3c",
   "metadata": {},
   "outputs": [],
   "source": [
    "import pandas as pd\n",
    "from sqlalchemy import create_engine\n"
   ]
  },
  {
   "cell_type": "code",
   "execution_count": 2,
   "id": "3879f615",
   "metadata": {},
   "outputs": [
    {
     "data": {
      "text/html": [
       "<div>\n",
       "<style scoped>\n",
       "    .dataframe tbody tr th:only-of-type {\n",
       "        vertical-align: middle;\n",
       "    }\n",
       "\n",
       "    .dataframe tbody tr th {\n",
       "        vertical-align: top;\n",
       "    }\n",
       "\n",
       "    .dataframe thead th {\n",
       "        text-align: right;\n",
       "    }\n",
       "</style>\n",
       "<table border=\"1\" class=\"dataframe\">\n",
       "  <thead>\n",
       "    <tr style=\"text-align: right;\">\n",
       "      <th></th>\n",
       "      <th>Date</th>\n",
       "      <th>Open</th>\n",
       "      <th>High</th>\n",
       "      <th>Low</th>\n",
       "      <th>Close</th>\n",
       "      <th>Adj Close</th>\n",
       "      <th>Volume</th>\n",
       "    </tr>\n",
       "  </thead>\n",
       "  <tbody>\n",
       "    <tr>\n",
       "      <th>0</th>\n",
       "      <td>10/7/2002</td>\n",
       "      <td>0.450000</td>\n",
       "      <td>0.458571</td>\n",
       "      <td>0.382143</td>\n",
       "      <td>0.412143</td>\n",
       "      <td>0.412143</td>\n",
       "      <td>15724800</td>\n",
       "    </tr>\n",
       "    <tr>\n",
       "      <th>1</th>\n",
       "      <td>10/8/2002</td>\n",
       "      <td>0.410714</td>\n",
       "      <td>0.427857</td>\n",
       "      <td>0.390714</td>\n",
       "      <td>0.405000</td>\n",
       "      <td>0.405000</td>\n",
       "      <td>4531800</td>\n",
       "    </tr>\n",
       "    <tr>\n",
       "      <th>2</th>\n",
       "      <td>10/9/2002</td>\n",
       "      <td>0.410000</td>\n",
       "      <td>0.410714</td>\n",
       "      <td>0.347143</td>\n",
       "      <td>0.372857</td>\n",
       "      <td>0.372857</td>\n",
       "      <td>5982200</td>\n",
       "    </tr>\n",
       "    <tr>\n",
       "      <th>3</th>\n",
       "      <td>10/10/2002</td>\n",
       "      <td>0.377857</td>\n",
       "      <td>0.525000</td>\n",
       "      <td>0.346429</td>\n",
       "      <td>0.506429</td>\n",
       "      <td>0.506429</td>\n",
       "      <td>13577200</td>\n",
       "    </tr>\n",
       "    <tr>\n",
       "      <th>4</th>\n",
       "      <td>10/11/2002</td>\n",
       "      <td>0.508571</td>\n",
       "      <td>0.528571</td>\n",
       "      <td>0.446429</td>\n",
       "      <td>0.470714</td>\n",
       "      <td>0.470714</td>\n",
       "      <td>13281800</td>\n",
       "    </tr>\n",
       "  </tbody>\n",
       "</table>\n",
       "</div>"
      ],
      "text/plain": [
       "         Date      Open      High       Low     Close  Adj Close    Volume\n",
       "0   10/7/2002  0.450000  0.458571  0.382143  0.412143   0.412143  15724800\n",
       "1   10/8/2002  0.410714  0.427857  0.390714  0.405000   0.405000   4531800\n",
       "2   10/9/2002  0.410000  0.410714  0.347143  0.372857   0.372857   5982200\n",
       "3  10/10/2002  0.377857  0.525000  0.346429  0.506429   0.506429  13577200\n",
       "4  10/11/2002  0.508571  0.528571  0.446429  0.470714   0.470714  13281800"
      ]
     },
     "execution_count": 2,
     "metadata": {},
     "output_type": "execute_result"
    }
   ],
   "source": [
    "# Extract Stock Prices data\n",
    "stock_file = \"../Resources/Yahoo finance NFLX.csv\"\n",
    "stock_data_df = pd.read_csv(stock_file)\n",
    "stock_data_df.head()"
   ]
  },
  {
   "cell_type": "code",
   "execution_count": 3,
   "id": "db737714",
   "metadata": {},
   "outputs": [
    {
     "data": {
      "text/html": [
       "<div>\n",
       "<style scoped>\n",
       "    .dataframe tbody tr th:only-of-type {\n",
       "        vertical-align: middle;\n",
       "    }\n",
       "\n",
       "    .dataframe tbody tr th {\n",
       "        vertical-align: top;\n",
       "    }\n",
       "\n",
       "    .dataframe thead th {\n",
       "        text-align: right;\n",
       "    }\n",
       "</style>\n",
       "<table border=\"1\" class=\"dataframe\">\n",
       "  <thead>\n",
       "    <tr style=\"text-align: right;\">\n",
       "      <th></th>\n",
       "      <th>Date</th>\n",
       "      <th>Open</th>\n",
       "      <th>High</th>\n",
       "      <th>Low</th>\n",
       "      <th>Close</th>\n",
       "      <th>Adj Close</th>\n",
       "      <th>Volume</th>\n",
       "    </tr>\n",
       "  </thead>\n",
       "  <tbody>\n",
       "    <tr>\n",
       "      <th>0</th>\n",
       "      <td>10/7/2002</td>\n",
       "      <td>0.450000</td>\n",
       "      <td>0.458571</td>\n",
       "      <td>0.382143</td>\n",
       "      <td>0.412143</td>\n",
       "      <td>0.412143</td>\n",
       "      <td>15724800</td>\n",
       "    </tr>\n",
       "    <tr>\n",
       "      <th>1</th>\n",
       "      <td>10/8/2002</td>\n",
       "      <td>0.410714</td>\n",
       "      <td>0.427857</td>\n",
       "      <td>0.390714</td>\n",
       "      <td>0.405000</td>\n",
       "      <td>0.405000</td>\n",
       "      <td>4531800</td>\n",
       "    </tr>\n",
       "    <tr>\n",
       "      <th>2</th>\n",
       "      <td>10/9/2002</td>\n",
       "      <td>0.410000</td>\n",
       "      <td>0.410714</td>\n",
       "      <td>0.347143</td>\n",
       "      <td>0.372857</td>\n",
       "      <td>0.372857</td>\n",
       "      <td>5982200</td>\n",
       "    </tr>\n",
       "    <tr>\n",
       "      <th>3</th>\n",
       "      <td>10/10/2002</td>\n",
       "      <td>0.377857</td>\n",
       "      <td>0.525000</td>\n",
       "      <td>0.346429</td>\n",
       "      <td>0.506429</td>\n",
       "      <td>0.506429</td>\n",
       "      <td>13577200</td>\n",
       "    </tr>\n",
       "    <tr>\n",
       "      <th>4</th>\n",
       "      <td>10/11/2002</td>\n",
       "      <td>0.508571</td>\n",
       "      <td>0.528571</td>\n",
       "      <td>0.446429</td>\n",
       "      <td>0.470714</td>\n",
       "      <td>0.470714</td>\n",
       "      <td>13281800</td>\n",
       "    </tr>\n",
       "    <tr>\n",
       "      <th>...</th>\n",
       "      <td>...</td>\n",
       "      <td>...</td>\n",
       "      <td>...</td>\n",
       "      <td>...</td>\n",
       "      <td>...</td>\n",
       "      <td>...</td>\n",
       "      <td>...</td>\n",
       "    </tr>\n",
       "    <tr>\n",
       "      <th>4779</th>\n",
       "      <td>9/30/2021</td>\n",
       "      <td>608.049988</td>\n",
       "      <td>619.000000</td>\n",
       "      <td>608.049988</td>\n",
       "      <td>610.340027</td>\n",
       "      <td>610.340027</td>\n",
       "      <td>6612600</td>\n",
       "    </tr>\n",
       "    <tr>\n",
       "      <th>4780</th>\n",
       "      <td>10/1/2021</td>\n",
       "      <td>604.239990</td>\n",
       "      <td>614.989990</td>\n",
       "      <td>597.510010</td>\n",
       "      <td>613.150024</td>\n",
       "      <td>613.150024</td>\n",
       "      <td>4090800</td>\n",
       "    </tr>\n",
       "    <tr>\n",
       "      <th>4781</th>\n",
       "      <td>10/4/2021</td>\n",
       "      <td>613.390015</td>\n",
       "      <td>626.130005</td>\n",
       "      <td>594.679993</td>\n",
       "      <td>603.349976</td>\n",
       "      <td>603.349976</td>\n",
       "      <td>4995900</td>\n",
       "    </tr>\n",
       "    <tr>\n",
       "      <th>4782</th>\n",
       "      <td>10/5/2021</td>\n",
       "      <td>606.940002</td>\n",
       "      <td>640.390015</td>\n",
       "      <td>606.890015</td>\n",
       "      <td>634.809998</td>\n",
       "      <td>634.809998</td>\n",
       "      <td>9534300</td>\n",
       "    </tr>\n",
       "    <tr>\n",
       "      <th>4783</th>\n",
       "      <td>10/6/2021</td>\n",
       "      <td>628.179993</td>\n",
       "      <td>639.869995</td>\n",
       "      <td>626.359985</td>\n",
       "      <td>639.099976</td>\n",
       "      <td>639.099976</td>\n",
       "      <td>4580400</td>\n",
       "    </tr>\n",
       "  </tbody>\n",
       "</table>\n",
       "<p>4784 rows × 7 columns</p>\n",
       "</div>"
      ],
      "text/plain": [
       "            Date        Open        High         Low       Close   Adj Close  \\\n",
       "0      10/7/2002    0.450000    0.458571    0.382143    0.412143    0.412143   \n",
       "1      10/8/2002    0.410714    0.427857    0.390714    0.405000    0.405000   \n",
       "2      10/9/2002    0.410000    0.410714    0.347143    0.372857    0.372857   \n",
       "3     10/10/2002    0.377857    0.525000    0.346429    0.506429    0.506429   \n",
       "4     10/11/2002    0.508571    0.528571    0.446429    0.470714    0.470714   \n",
       "...          ...         ...         ...         ...         ...         ...   \n",
       "4779   9/30/2021  608.049988  619.000000  608.049988  610.340027  610.340027   \n",
       "4780   10/1/2021  604.239990  614.989990  597.510010  613.150024  613.150024   \n",
       "4781   10/4/2021  613.390015  626.130005  594.679993  603.349976  603.349976   \n",
       "4782   10/5/2021  606.940002  640.390015  606.890015  634.809998  634.809998   \n",
       "4783   10/6/2021  628.179993  639.869995  626.359985  639.099976  639.099976   \n",
       "\n",
       "        Volume  \n",
       "0     15724800  \n",
       "1      4531800  \n",
       "2      5982200  \n",
       "3     13577200  \n",
       "4     13281800  \n",
       "...        ...  \n",
       "4779   6612600  \n",
       "4780   4090800  \n",
       "4781   4995900  \n",
       "4782   9534300  \n",
       "4783   4580400  \n",
       "\n",
       "[4784 rows x 7 columns]"
      ]
     },
     "execution_count": 3,
     "metadata": {},
     "output_type": "execute_result"
    }
   ],
   "source": [
    "#Make new df to add quarter data\n",
    "stock_data_quarter_df=pd.DataFrame(stock_data_df)\n",
    "stock_data_quarter_df"
   ]
  },
  {
   "cell_type": "code",
   "execution_count": 4,
   "id": "e7e23869",
   "metadata": {},
   "outputs": [],
   "source": [
    "stock_data_quarter_df[\"Quarter_ID\"]= pd.PeriodIndex(stock_data_df.Date, freq='Q')"
   ]
  },
  {
   "cell_type": "code",
   "execution_count": 5,
   "id": "4ddad1f1",
   "metadata": {},
   "outputs": [],
   "source": [
    "stock_data_quarter_df['Date'] = pd.to_datetime(stock_data_df['Date'], format='%m/%d/%Y')"
   ]
  },
  {
   "cell_type": "code",
   "execution_count": 6,
   "id": "8bd5bb42",
   "metadata": {},
   "outputs": [
    {
     "data": {
      "text/html": [
       "<div>\n",
       "<style scoped>\n",
       "    .dataframe tbody tr th:only-of-type {\n",
       "        vertical-align: middle;\n",
       "    }\n",
       "\n",
       "    .dataframe tbody tr th {\n",
       "        vertical-align: top;\n",
       "    }\n",
       "\n",
       "    .dataframe thead th {\n",
       "        text-align: right;\n",
       "    }\n",
       "</style>\n",
       "<table border=\"1\" class=\"dataframe\">\n",
       "  <thead>\n",
       "    <tr style=\"text-align: right;\">\n",
       "      <th></th>\n",
       "      <th>Date</th>\n",
       "      <th>Open</th>\n",
       "      <th>High</th>\n",
       "      <th>Low</th>\n",
       "      <th>Close</th>\n",
       "      <th>Adj Close</th>\n",
       "      <th>Volume</th>\n",
       "      <th>Quarter_ID</th>\n",
       "    </tr>\n",
       "  </thead>\n",
       "  <tbody>\n",
       "    <tr>\n",
       "      <th>0</th>\n",
       "      <td>2002-10-07</td>\n",
       "      <td>0.450000</td>\n",
       "      <td>0.458571</td>\n",
       "      <td>0.382143</td>\n",
       "      <td>0.412143</td>\n",
       "      <td>0.412143</td>\n",
       "      <td>15724800</td>\n",
       "      <td>2002Q4</td>\n",
       "    </tr>\n",
       "    <tr>\n",
       "      <th>1</th>\n",
       "      <td>2002-10-08</td>\n",
       "      <td>0.410714</td>\n",
       "      <td>0.427857</td>\n",
       "      <td>0.390714</td>\n",
       "      <td>0.405000</td>\n",
       "      <td>0.405000</td>\n",
       "      <td>4531800</td>\n",
       "      <td>2002Q4</td>\n",
       "    </tr>\n",
       "    <tr>\n",
       "      <th>2</th>\n",
       "      <td>2002-10-09</td>\n",
       "      <td>0.410000</td>\n",
       "      <td>0.410714</td>\n",
       "      <td>0.347143</td>\n",
       "      <td>0.372857</td>\n",
       "      <td>0.372857</td>\n",
       "      <td>5982200</td>\n",
       "      <td>2002Q4</td>\n",
       "    </tr>\n",
       "    <tr>\n",
       "      <th>3</th>\n",
       "      <td>2002-10-10</td>\n",
       "      <td>0.377857</td>\n",
       "      <td>0.525000</td>\n",
       "      <td>0.346429</td>\n",
       "      <td>0.506429</td>\n",
       "      <td>0.506429</td>\n",
       "      <td>13577200</td>\n",
       "      <td>2002Q4</td>\n",
       "    </tr>\n",
       "    <tr>\n",
       "      <th>4</th>\n",
       "      <td>2002-10-11</td>\n",
       "      <td>0.508571</td>\n",
       "      <td>0.528571</td>\n",
       "      <td>0.446429</td>\n",
       "      <td>0.470714</td>\n",
       "      <td>0.470714</td>\n",
       "      <td>13281800</td>\n",
       "      <td>2002Q4</td>\n",
       "    </tr>\n",
       "    <tr>\n",
       "      <th>...</th>\n",
       "      <td>...</td>\n",
       "      <td>...</td>\n",
       "      <td>...</td>\n",
       "      <td>...</td>\n",
       "      <td>...</td>\n",
       "      <td>...</td>\n",
       "      <td>...</td>\n",
       "      <td>...</td>\n",
       "    </tr>\n",
       "    <tr>\n",
       "      <th>4779</th>\n",
       "      <td>2021-09-30</td>\n",
       "      <td>608.049988</td>\n",
       "      <td>619.000000</td>\n",
       "      <td>608.049988</td>\n",
       "      <td>610.340027</td>\n",
       "      <td>610.340027</td>\n",
       "      <td>6612600</td>\n",
       "      <td>2021Q3</td>\n",
       "    </tr>\n",
       "    <tr>\n",
       "      <th>4780</th>\n",
       "      <td>2021-10-01</td>\n",
       "      <td>604.239990</td>\n",
       "      <td>614.989990</td>\n",
       "      <td>597.510010</td>\n",
       "      <td>613.150024</td>\n",
       "      <td>613.150024</td>\n",
       "      <td>4090800</td>\n",
       "      <td>2021Q4</td>\n",
       "    </tr>\n",
       "    <tr>\n",
       "      <th>4781</th>\n",
       "      <td>2021-10-04</td>\n",
       "      <td>613.390015</td>\n",
       "      <td>626.130005</td>\n",
       "      <td>594.679993</td>\n",
       "      <td>603.349976</td>\n",
       "      <td>603.349976</td>\n",
       "      <td>4995900</td>\n",
       "      <td>2021Q4</td>\n",
       "    </tr>\n",
       "    <tr>\n",
       "      <th>4782</th>\n",
       "      <td>2021-10-05</td>\n",
       "      <td>606.940002</td>\n",
       "      <td>640.390015</td>\n",
       "      <td>606.890015</td>\n",
       "      <td>634.809998</td>\n",
       "      <td>634.809998</td>\n",
       "      <td>9534300</td>\n",
       "      <td>2021Q4</td>\n",
       "    </tr>\n",
       "    <tr>\n",
       "      <th>4783</th>\n",
       "      <td>2021-10-06</td>\n",
       "      <td>628.179993</td>\n",
       "      <td>639.869995</td>\n",
       "      <td>626.359985</td>\n",
       "      <td>639.099976</td>\n",
       "      <td>639.099976</td>\n",
       "      <td>4580400</td>\n",
       "      <td>2021Q4</td>\n",
       "    </tr>\n",
       "  </tbody>\n",
       "</table>\n",
       "<p>4784 rows × 8 columns</p>\n",
       "</div>"
      ],
      "text/plain": [
       "           Date        Open        High         Low       Close   Adj Close  \\\n",
       "0    2002-10-07    0.450000    0.458571    0.382143    0.412143    0.412143   \n",
       "1    2002-10-08    0.410714    0.427857    0.390714    0.405000    0.405000   \n",
       "2    2002-10-09    0.410000    0.410714    0.347143    0.372857    0.372857   \n",
       "3    2002-10-10    0.377857    0.525000    0.346429    0.506429    0.506429   \n",
       "4    2002-10-11    0.508571    0.528571    0.446429    0.470714    0.470714   \n",
       "...         ...         ...         ...         ...         ...         ...   \n",
       "4779 2021-09-30  608.049988  619.000000  608.049988  610.340027  610.340027   \n",
       "4780 2021-10-01  604.239990  614.989990  597.510010  613.150024  613.150024   \n",
       "4781 2021-10-04  613.390015  626.130005  594.679993  603.349976  603.349976   \n",
       "4782 2021-10-05  606.940002  640.390015  606.890015  634.809998  634.809998   \n",
       "4783 2021-10-06  628.179993  639.869995  626.359985  639.099976  639.099976   \n",
       "\n",
       "        Volume Quarter_ID  \n",
       "0     15724800     2002Q4  \n",
       "1      4531800     2002Q4  \n",
       "2      5982200     2002Q4  \n",
       "3     13577200     2002Q4  \n",
       "4     13281800     2002Q4  \n",
       "...        ...        ...  \n",
       "4779   6612600     2021Q3  \n",
       "4780   4090800     2021Q4  \n",
       "4781   4995900     2021Q4  \n",
       "4782   9534300     2021Q4  \n",
       "4783   4580400     2021Q4  \n",
       "\n",
       "[4784 rows x 8 columns]"
      ]
     },
     "execution_count": 6,
     "metadata": {},
     "output_type": "execute_result"
    }
   ],
   "source": [
    "stock_data_quarter_df"
   ]
  },
  {
   "cell_type": "code",
   "execution_count": 7,
   "id": "04aed51a",
   "metadata": {},
   "outputs": [
    {
     "data": {
      "text/html": [
       "<div>\n",
       "<style scoped>\n",
       "    .dataframe tbody tr th:only-of-type {\n",
       "        vertical-align: middle;\n",
       "    }\n",
       "\n",
       "    .dataframe tbody tr th {\n",
       "        vertical-align: top;\n",
       "    }\n",
       "\n",
       "    .dataframe thead th {\n",
       "        text-align: right;\n",
       "    }\n",
       "</style>\n",
       "<table border=\"1\" class=\"dataframe\">\n",
       "  <thead>\n",
       "    <tr style=\"text-align: right;\">\n",
       "      <th></th>\n",
       "      <th>Area</th>\n",
       "      <th>Years</th>\n",
       "      <th>Revenue</th>\n",
       "    </tr>\n",
       "  </thead>\n",
       "  <tbody>\n",
       "    <tr>\n",
       "      <th>0</th>\n",
       "      <td>United States and Canada</td>\n",
       "      <td>Q1 - 2018</td>\n",
       "      <td>1976157000</td>\n",
       "    </tr>\n",
       "    <tr>\n",
       "      <th>1</th>\n",
       "      <td>Europe,  Middle East and Africa</td>\n",
       "      <td>Q1 - 2018</td>\n",
       "      <td>886649000</td>\n",
       "    </tr>\n",
       "    <tr>\n",
       "      <th>2</th>\n",
       "      <td>Latin America</td>\n",
       "      <td>Q1 - 2018</td>\n",
       "      <td>540182000</td>\n",
       "    </tr>\n",
       "    <tr>\n",
       "      <th>3</th>\n",
       "      <td>Asia-Pacific</td>\n",
       "      <td>Q1 - 2018</td>\n",
       "      <td>199117000</td>\n",
       "    </tr>\n",
       "    <tr>\n",
       "      <th>4</th>\n",
       "      <td>United States and Canada</td>\n",
       "      <td>Q2 - 2018</td>\n",
       "      <td>2049546000</td>\n",
       "    </tr>\n",
       "  </tbody>\n",
       "</table>\n",
       "</div>"
      ],
      "text/plain": [
       "                              Area      Years     Revenue\n",
       "0         United States and Canada  Q1 - 2018  1976157000\n",
       "1  Europe,  Middle East and Africa  Q1 - 2018   886649000\n",
       "2                    Latin America  Q1 - 2018   540182000\n",
       "3                     Asia-Pacific  Q1 - 2018   199117000\n",
       "4         United States and Canada  Q2 - 2018  2049546000"
      ]
     },
     "execution_count": 7,
     "metadata": {},
     "output_type": "execute_result"
    }
   ],
   "source": [
    "# Extract Revenue data\n",
    "revenue_file = \"../Resources/DataNetflixRevenue2020_V2.csv\"\n",
    "revenue_data_df = pd.read_csv(revenue_file)\n",
    "revenue_data_df.head()"
   ]
  },
  {
   "cell_type": "code",
   "execution_count": 8,
   "id": "a5291d54",
   "metadata": {},
   "outputs": [],
   "source": [
    "revenue_data_quarter_df=pd.DataFrame(revenue_data_df)"
   ]
  },
  {
   "cell_type": "code",
   "execution_count": 9,
   "id": "c9d2868d",
   "metadata": {},
   "outputs": [],
   "source": [
    "#How to match formats for quarters between two dataframes?? .str.replace\n",
    "#revenue_data_quarter_df=pd.Series(revenue_data_quarter_df['Years']).str.replace(r'/d-d{4}','d{4}/d', regex=True)"
   ]
  },
  {
   "cell_type": "code",
   "execution_count": null,
   "id": "43057da6",
   "metadata": {},
   "outputs": [],
   "source": []
  }
 ],
 "metadata": {
  "kernelspec": {
   "display_name": "Python 3",
   "language": "python",
   "name": "python3"
  },
  "language_info": {
   "codemirror_mode": {
    "name": "ipython",
    "version": 3
   },
   "file_extension": ".py",
   "mimetype": "text/x-python",
   "name": "python",
   "nbconvert_exporter": "python",
   "pygments_lexer": "ipython3",
   "version": "3.8.8"
  }
 },
 "nbformat": 4,
 "nbformat_minor": 5
}
